 Note : printing only level information for kind           5
WARNING: (vgd) cannot find !! with the following: ip1=        -1,ip2=        -1
WARNING: (vgd) Trying to construct vgrid descriptor from legacy encoding (PT,HY ...)
(vgd)  Looking for kind=           5
(vgd)    Found        80 unique ip1 of kind  5 among the         92 records in file to construct the vertical descriptor
(vgd)   hybrid (un-normalized) coordinate found
(vgd)    Vertical descriptor successfully reconstructed
 -- Vertical Grid Descriptor Information --
   ip1=        2009
   ip2=        1000
 -------------------------------------------------------
 Vcode=        5001
   Descriptor Nomvar: !!
   level kind = 5, level version =   1
   ptop=   10.0000001490116     Pa
   pref=   80000.0000000000     Pa
   rcoef1=   1.600000
   Surface field nomvar P0
   Number of hybrid levels          80
   Equation to compute hydrostatic pressure (pi): pi = A + B * P0*100
   Momentum levels ip1, p, A, B:
    97642568  1.2500001E-04   10.0000001490116       0.000000000000000E+000
    97738568  2.2099999E-04   17.6501587679923       3.730101809651387E-007
    97899568  3.8200000E-04   30.4157651862624       1.802933525141270E-006
    98152568  6.3500000E-04   50.3681939153466       5.397580025601201E-006
    96569992  1.0100000E-03   79.7569964925060       1.303755107073812E-005
    96621992  1.5300000E-03   120.214963098988       2.731296990532428E-005
    96692992  2.2400001E-03   174.995901179500       5.255129508441314E-005
    96785992  3.1699999E-03   246.067887637764       9.415132808499038E-005
    96901992  4.3299999E-03   333.775834878907       1.578019728185609E-004
    97045992  5.7700002E-03   441.377311944962       2.527837641537189E-004
    97218992  7.4999998E-03   568.983249831945       3.877092094626278E-004
    97423992  9.5499996E-03   718.077314086258       5.740331835113466E-004
    95539416  1.1900000E-02   886.428644880652       8.196422131732106E-004
    95566416  1.4600000E-02   1076.76396146417       1.140450825914741E-003
    95597416  1.7700000E-02   1291.54583439231       1.555676804855466E-003
    95630416  2.1000000E-02   1516.09988883138       2.048751106485724E-003
    95667416  2.4700001E-02   1763.20258527994       2.659968566149473E-003
    95707416  2.8700000E-02   2025.13379976153       3.385827178135514E-003
    95750416  3.3000000E-02   2301.02930217981       4.237133543938398E-003
    95795416  3.7500001E-02   2583.79556238651       5.202556960284710E-003
    95842416  4.2199999E-02   2872.94495850801       6.288187112659216E-003
    95892416  4.7200002E-02   3173.93787205219       7.525778375566006E-003
    95944416  5.2400000E-02   3480.05354404449       8.899331092834473E-003
    95996416  5.7599999E-02   3779.40319478512       1.035745907574892E-002
    96050416  6.3000001E-02   4083.37526023388       1.195781026035547E-002
    96104416  6.8400003E-02   4380.57087361813       1.364286709576845E-002
    96158416  7.3799998E-02   4671.20982706547       1.540987472981215E-002
    96211416  7.9099998E-02   4950.28197765350       1.722147315740585E-002
    96263416  8.4299996E-02   5218.29724311829       1.907128095626831E-002
    96313416  8.9299999E-02   5470.73051333427       2.091586776077747E-002
    96362416  9.4200000E-02   5713.21427822113       2.278482168912888E-002
    96408416  9.8800004E-02   5936.52948737144       2.459338493645191E-002
    94474840  0.1030000       6136.83849573135       2.628951892256737E-002
    94479840  0.1080000       6370.91815471649       2.836352586746216E-002
    94484840  0.1130000       6600.31765699387       3.049602732062340E-002
    94490840  0.1190000       6869.53753232956       3.313078358769417E-002
    94497840  0.1260000       7175.44257640839       3.630696982145309E-002
    94505840  0.1340000       7514.49882984161       4.006876796483994E-002
    94513840  0.1420000       7842.56368875504       4.396795853972435E-002
    94523840  0.1520000       8237.57231235504       4.903034120798111E-002
    94534840  0.1630000       8653.23960781097       5.483450740575790E-002
    94546840  0.1750000       9084.79958772659       6.144000217318535E-002
    94560840  0.1890000       9560.24050712585       6.949698925018311E-002
    94577840  0.2060000       10098.2081890106       7.977239787578583E-002
    94594840  0.2230000       10594.3894386292       9.057013690471649E-002
    94612840  0.2410000       11075.6611824036       0.102554231882095
    94631840  0.2600000       11535.9675884247       0.115800395607948
    94650840  0.2790000       11948.7237930298       0.129640966653824
    94671840  0.3000000       12351.1981964111       0.145610034465790
    94692840  0.3210000       12698.8172531128       0.162264794111252
    94715840  0.3440000       13018.3351039886       0.181270822882652
    94738840  0.3670000       13275.5637168884       0.201055467128754
    94761840  0.3900000       13472.0909595490       0.221598848700523
    94786840  0.4150000       13618.5646057129       0.244767934083939
    94811840  0.4400000       13696.7682838440       0.268790394067764
    94838840  0.4670000       13706.3670158386       0.295670419931412
    94864840  0.4930000       13643.7988281250       0.322452515363693
    94892840  0.5210000       13499.3815422058       0.352257758378983
    94920840  0.5490000       13276.7772674561       0.383040308952332
    94949840  0.5780000       12965.5337333679       0.415930837392807
    94978840  0.6070000       12573.8263130188       0.449827164411545
    95008840  0.6370000       12085.6094360352       0.485929906368256
    95039840  0.6680000       11494.1358566284       0.524323284626007
    95070840  0.6990000       10815.8922195435       0.563801348209381
    95101840  0.7300000       10052.4520874023       0.604344367980957
    95130840  0.7590000       9262.42828369141       0.643219649791718
    95158840  0.7870000       8431.18190765381       0.681610226631165
    95183840  0.8120000       7632.95650482178       0.716588020324707
    95207840  0.8360000       6817.55065917969       0.750780642032623
    95230840  0.8590000       5991.51134490967       0.784106135368347
    95250840  0.8790000       5238.09432983398       0.813523828983307
    95269840  0.8980000       4492.37346649170       0.841845333576202
    95287840  0.9160000       3759.18865203857       0.869010150432587
    95303840  0.9320000       3085.82782745361       0.893427133560181
    95318840  0.9470000       2436.17057800293       0.916547894477844
    95332840  0.9610000       1813.88854980469       0.938326418399811
    95345840  0.9740000       1222.35774993896       0.958720505237579
    95356840  0.9850000       711.574554443359       0.976105332374573
    95366840  0.9950000       239.114761352539       0.992011070251465
    93423264   1.000000      0.000000000000000E+000   1.00000000000000
