      2000
      2102
      2233
      2374
      2508
      2625
      2720
      2795
      2852
      2897
      2941
      2990
      3044
      3104
      3172
      3248
      3334
      3431
      3541
      3667
      3812
      3976
      4149
      4331
      4522
      4721
      4928
      5144
      5369
      5602
      5843
      6091
      6348
      6612
      6883
      7161
      7446
      7737
      8034
      8337
      8646
      8959
      9272
      9567
      9845
     10104
     10346
     10571
     10780
     10973
     11151
     11316
     11467
     11606
     11733
     11850
     11950
     12000
