Read(10) !!   X  STG_CP_GEMV4     3    60     1  000000000         229      0     0        0        0  E64  X  5002  6500   100   100
 &gem_cfs
 hyb=
   1.0474000E-02 ,
   1.7428501E-02 ,
   3.3324499E-02 ,
   5.7168499E-02 ,
   8.1012502E-02 ,
   0.1068440     ,
   0.1326750     ,
   0.1604920     ,
   0.1902970     ,
   0.2240760     ,
   0.2628230     ,
   0.3065370     ,
   0.3552180     ,
   0.4088680     ,
   0.4635100     ,
   0.5191460     ,
   0.5767690     ,
   0.6333980     ,
   0.6900280     ,
   0.7456640     ,
   0.7973260     ,
   0.8430270     ,
   0.8847540     ,
   0.9225070     ,
   0.9552930     ,
   0.9801300     ,
   0.9930450     ,
    1.000000     ,
 rcoef=    1.000000     ,    1.000000     ,
 /
